6
1 2
1
3 10
5
7 4
4
4 2
impossible
431513521314431513521314431513521314431513521314431513521314431513521314431513521314431513521314431513521314431513521314431513521314431513521314431513521314431513521314431513521314431513521314431513521314431513521314431513521314431513521314431513521314431513521314431513521314431513521314431513521314431513521314431513521314431513521314431513521314431513521314431513521314431513521314431513521314431513521314431513521314431513521314431513521314431513521314431513521314431513521314431513521314431513521314431513521314431513521314431513521314431513521314431513521314431513521314431513521314431513521314 4315135213144315135213144315135213144315135213144315135213144315135213144315135213144315135213144315135213144315135213144315135213144315135213144315135213144315135213144315135213144315135213144315135213144315135213144315135213144315135213144315135213144315135213144315135213144315135213144315135213144315135213144315135213144315135213144315135213144315135213144315135213144315135213144315135213144315135213144315135213144315135213144315135213144315135213144315135213144315135213144315135213144315135213144315135213144315135213144315135213144315135213144315135213144315135213144315
impossible
0 0
0
1 1
0
